lm3=repere2013.3g.arpa.cmu.gz.DMP32
lm4=repere2013.4g.arpa.cmu.gz.DMP32
vocab=repere.v1.dic
acou=repere01Dec
fillprobp2=0.5
seuilP2=65
seuil=0.0005
P1=surprise
BIGRAM=no
beam=60
mpe=0
lw=13
wip=0.7
silprob=0.1
fillprob=0.01
 lwP4=13
#set wipP4=0.7
poidspron=0
lw=1.0422544616950445e+01
wip=0.533349835785683
silprob=0.339639347062742
fillprob=0.00248611239930077
